1,0,
1,1,
1,2,
1,3,
1,4,
1,5,
1,6,
1,7,
1,8,
1,9,
1,10,
1,11,
1,12,
1,13,
1,14,
1,15,
1,16,
1,17,
1,18,
1,19,
1,20,
1,21,
1,22,
1,23,
1,24,
1,25,
1,26,
1,27,
1,28,
1,29,
1,30,
1,31,
1,32,
1,33,
1,34,
1,35,
1,36,
1,37,
1,38,
1,39,
1,40,
1,41,
1,42,
1,43,
1,44,
1,45,
1,46,
1,47,
1,48,
1,49,
1,50,
1,51,
1,52,
1,53,
1,54,
1,55,
1,56,
1,57,
1,58,
1,59,
1,60,
1,61,
1,62,
1,63,
1,64,
1,65,
1,66,
1,67,
1,68,
1,69,
1,70,
1,71,
1,72,
1,73,
1,74,
1,75,
1,76,
1,77,
1,78,
1,79,
1,80,
1,81,
1,82,
1,83,
1,84,
1,85,
1,86,
1,87,
1,88,
1,89,
1,90,
1,91,
1,92,
1,93,
1,94,
1,95,
1,96,
1,97,
1,98,
1,99,
1,100,
1,101,
1,102,
1,103,
1,104,
1,105,
1,106,
1,107,
1,108,
1,109,
1,110,
1,111,
1,112,
1,113,
1,114,
1,115,
1,116,
1,117,
1,118,
1,119,
1,120,
1,121,
1,122,
1,123,
1,124,
1,125,
1,126,
1,127,
1,128,
1,129,
1,130,
1,131,
1,132,
1,133,
1,134,
1,135,
1,136,
1,137,
1,138,
1,139,
1,140,
1,141,
1,142,
1,143,
1,144,
1,145,
1,146,
1,147,
1,148,
1,149,
1,150,




























2,0,
2,1,
2,2,
2,3,
2,4,
2,5,
2,6,
2,7,
2,8,
2,9,
2,10,
2,11,
2,12,
2,13,
2,14,
2,15,
2,16,
2,17,
2,18,
2,19,
2,20,
2,21,
2,22,
2,23,
2,24,
2,25,
2,26,
2,27,
2,28,
2,29,
2,30,
2,31,
2,32,
2,33,
2,34,
2,35,
2,36,
2,37,
2,38,
2,39,
2,40,
2,41,
2,42,
2,43,
2,44,
2,45,
2,46,
2,47,
2,48,
2,49,
2,50,
2,51,
2,52,
2,53,
2,54,
2,55,
2,56,
2,57,
2,58,
2,59,
2,60,
2,61,
2,62,
2,63,
2,64,
2,65,
2,66,
2,67,
2,68,
2,69,
2,70,
2,71,
2,72,
2,73,
2,74,
2,75,
2,76,
2,77,
2,78,
2,79,
2,80,
2,81,
2,82,
2,83,
2,84,
2,85,
2,86,
2,87,
2,88,
2,89,
2,90,
2,91,
2,92,
2,93,
2,94,
2,95,
2,96,
2,97,
2,98,
2,99,
2,100,
2,101,
2,102,
2,103,
2,104,
2,105,
2,106,
2,107,
2,108,
2,109,
2,110,
2,111,
2,112,
2,113,
2,114,
2,115,
2,116,
2,117,
2,118,
2,119,
2,120,
2,121,
2,122,
2,123,
2,124,
2,125,
2,126,
2,127,
2,128,
2,129,
2,130,
2,131,
2,132,
2,133,
2,134,
2,135,
2,136,
2,137,
2,138,
2,139,
2,140,
2,141,
2,142,
2,143,
2,144,
2,145,
2,146,
2,147,
2,148,
2,149,
2,150,
2,151,
2,152,
2,153,
2,154,
2,155,
2,156,
2,157,
2,158,
2,159,
2,160,
2,161,
2,162,
2,163,
2,164,
2,165,
2,166,
2,167,
2,168,
2,169,
2,170,
2,171,
2,172,
2,173,
2,174,
2,175,
2,176,
2,177,
2,178,
2,179,
2,180,
2,181,
2,182,
2,183,
2,184,
2,185,
2,186,
2,187,
2,188,
2,189,
2,190,
2,191,
2,192,
2,193,
2,194,
2,195,
2,196,
2,197,
2,198,
2,199,
2,200,
2,201,
2,202,
2,203,
2,204,
2,205,
2,206,
2,207,
2,208,
2,209,
2,210,
2,211,
2,212,
2,213,
2,214,
2,215,
2,216,
2,217,
2,218,
2,219,
2,220,
2,221,
2,222,












3,0,
3,1,
3,2,
3,3,
3,4,
3,5,
3,6,
3,7,
3,8,
3,9,
3,10,
3,11,
3,12,
3,13,
3,14,
3,15,
3,16,
3,17,
3,18,
3,19,
3,20,
3,21,
3,22,
3,23,
3,24,
3,25,
3,26,
3,27,
3,28,
3,29,
3,30,
3,31,
3,32,
3,33,
3,34,
3,35,
3,36,
3,37,
3,38,
3,39,
3,40,
3,41,
3,42,
3,43,
3,44,
3,45,
3,46,
3,47,
3,48,
3,49,
3,50,
3,51,
3,52,
3,53,
3,54,
3,55,
3,56,
3,57,
3,58,
3,59,
3,60,
3,61,
3,62,4,0,
3,63,4,1,
3,64,4,2,
3,65,4,3,
3,66,4,4,
3,67,4,5,
3,68,4,6,
3,69,4,7,
3,70,4,8,
3,71,4,9,
3,72,4,10,
3,73,4,11,
3,74,4,12,
3,75,4,13,
3,76,4,14,
3,77,4,15,
3,78,4,16,
3,79,4,17,
3,80,4,18,
3,81,4,19,
3,82,4,20,
3,83,4,21,
3,84,4,22,
3,85,4,23,
3,86,4,24,
3,87,4,25,
3,88,4,26,
3,89,4,27,
3,90,4,28,
3,91,4,29,
3,92,4,30,
3,93,4,31,
3,94,4,32,
3,95,4,33,
3,96,4,34,
3,97,4,35,
3,98,4,36,
3,99,4,37,
3,100,4,38,
3,101,4,39,
3,102,4,40,
3,103,4,41,
3,104,4,42,
3,105,4,43,
3,106,4,44,
3,107,4,45,
3,108,4,46,
3,109,4,47,
3,110,4,48,
3,111,4,49,
3,112,4,50,
3,113,4,51,
3,114,4,52,
3,115,4,53,
3,116,4,54,
3,117,4,55,
3,118,4,56,
3,119,4,57,
3,120,4,58,
3,121,4,59,
3,122,4,60,
3,123,4,61,
3,124,4,62,
3,125,4,63,
3,126,4,64,
3,127,4,65,
3,128,4,66,
3,129,4,67,
3,130,4,68,
3,131,4,69,
3,132,4,70,
3,133,4,71,
3,134,4,72,
3,135,4,73,
3,136,4,74,
3,137,4,75,
3,138,4,76,
3,139,4,77,
3,140,4,78,
3,141,4,79,
3,142,4,80,
3,143,4,81,
3,144,4,82,
3,145,4,83,
3,146,4,84,
3,147,4,85,
3,148,4,86,
3,149,4,87,
3,150,4,88,
3,151,4,89,
3,152,4,90,
3,153,4,91,
3,154,4,92,
3,155,4,93,
3,156,4,94,
3,157,4,95,
3,158,4,96,
3,159,4,97,
3,160,4,98,
3,161,4,99,
3,162,4,100,
3,163,4,101,
3,164,4,102,
3,165,4,103,
3,166,4,104,
3,167,4,105,
3,168,4,106,
3,169,4,107,
3,170,4,108,
3,171,4,109,
3,172,4,110,
3,173,4,111,
3,174,4,112,
3,175,4,113,
3,176,4,114,
3,177,4,115,
3,178,4,116,
3,179,4,117,
3,180,4,118,
3,181,4,119,
3,182,4,120,
3,183,4,121,
3,184,4,122,
3,185,4,123,
3,186,4,124,
3,187,4,125,
3,188,4,126,
3,189,4,127,
3,190,4,128,
3,191,4,129,
3,192,4,130,
3,193,4,131,
3,194,4,132,
3,195,4,133,
3,196,4,134,
3,197,4,135,
3,198,4,136,
3,199,4,137,
3,200,4,138,
3,201,4,139,
3,202,4,140,
3,203,4,141,
3,204,4,142,
3,205,4,143,
3,206,4,144,
3,207,4,145,
3,208,4,146,
3,209,4,147,
3,210,4,148,
3,211,4,149,
3,212,4,150,
3,213,4,151,
3,214,4,152,
3,215,4,153,
3,216,4,154,
3,217,4,155,
3,218,4,156,
3,219,4,157,
3,220,4,158,
3,221,4,159,
3,222,4,160,
3,223,4,161,
4,162,
4,163,
4,164,
4,165,
4,166,
4,167,
4,168,
4,169,
4,170,
4,171,
4,172,
4,173,
4,174,
4,175,
4,176,
4,177,
4,178,
4,179,
4,180,
4,181,
4,182,
4,183,
4,184,
4,185,
4,186,
4,187,
4,188,
4,189,
4,190,
4,191,
4,192,
4,193,
4,194,
4,195,
4,196,
4,197,
4,198,
4,199,
4,200,
4,201,
4,202,
4,203,
4,204,
4,205,
4,206,
4,207,
4,208,
4,209,
4,210,
4,211,
4,212,
4,213,
4,214,
4,215,
4,216,
4,217,
4,218,
4,219,
4,220,
4,221,
4,222,
4,223,
4,224,
4,225,
4,226,
4,227,
4,228,
4,229,
4,230,
4,231,
4,232,
4,233,
4,234,
4,235,
4,236,
4,237,
4,238,
4,239,
4,240,
4,241,
4,242,
4,243,
4,244,
4,245,
4,246,
4,247,
4,248,
4,249,
4,250,
4,251,
4,252,
4,253,
4,254,
4,255,
4,256,
4,257,
4,258,
4,259,
4,260,
4,261,
4,262,
4,263,
4,264,
4,265,
4,266,
4,267,
4,268,
4,269,
4,270,
4,271,
4,272,
4,273,
4,274,
4,275,
4,276,
4,277,
4,278,
4,279,
4,280,
4,281,
4,282,
4,283,
4,284,
4,285,
4,286,
4,287,
4,288,
4,289,
4,290,
4,291,
4,292,
4,293,
4,294,
4,295,
4,296,
4,297,
4,298,
4,299,
4,300,
4,301,
4,302,
4,303,
4,304,
4,305,
4,306,
4,307,
4,308,
4,309,
4,310,
4,311,
4,312,
4,313,
4,314,
4,315,
4,316,
4,317,
4,318,
4,319,
4,320,
4,321,
4,322,
4,323,
4,324,
4,325,
4,326,
4,327,
4,328,
4,329,
4,330,
4,331,
4,332,
4,333,
4,334,
4,335,
4,336,
4,337,
4,338,
4,339,
4,340,
4,341,
4,342,
4,343,
4,344,
4,345,
4,346,
4,347,
4,348,
4,349,
4,350,
4,351,
4,352,
4,353,
4,354,
4,355,
4,356,
4,357,
4,358,
4,359,
4,360,
4,361,
4,362,
4,363,
4,364,
4,365,































































































5,0,
5,1,
5,2,
5,3,
5,4,
5,5,
5,6,
5,7,
5,8,
5,9,
5,10,
5,11,
5,12,6,0,
5,13,6,1,
5,14,6,2,
5,15,6,3,
5,16,6,4,
5,17,6,5,
5,18,6,6,
5,19,6,7,
5,20,6,8,
5,21,6,9,
5,22,6,10,
5,23,6,11,
5,24,6,12,
5,25,6,13,
5,26,6,14,
5,27,6,15,
5,28,6,16,
5,29,6,17,
5,30,6,18,
5,31,6,19,
5,32,6,20,
5,33,6,21,
5,34,6,22,
5,35,6,23,
5,36,6,24,
5,37,6,25,
5,38,6,26,
5,39,6,27,
5,40,6,28,
5,41,6,29,
5,42,6,30,
5,43,6,31,
5,44,6,32,
5,45,6,33,
5,46,6,34,
5,47,6,35,
5,48,6,36,
5,49,6,37,
5,50,6,38,
5,51,6,39,
5,52,6,40,
5,53,6,41,
5,54,6,42,
5,55,6,43,
5,56,6,44,
5,57,6,45,
5,58,6,46,
5,59,6,47,
5,60,6,48,
5,61,6,49,
5,62,6,50,
5,63,6,51,
5,64,6,52,
5,65,6,53,
5,66,6,54,
5,67,6,55,
5,68,6,56,
5,69,6,57,
5,70,6,58,
5,71,6,59,
5,72,6,60,
5,73,6,61,
5,74,6,62,
5,75,6,63,
5,76,6,64,
5,77,6,65,
5,78,6,66,
5,79,6,67,
5,80,6,68,
5,81,6,69,
5,82,6,70,
5,83,6,71,
5,84,6,72,
5,85,6,73,
5,86,6,74,
5,87,6,75,
5,88,6,76,
5,89,6,77,
5,90,6,78,
5,91,6,79,
5,92,6,80,
5,93,6,81,
5,94,6,82,
5,95,6,83,
5,96,6,84,
5,97,6,85,
5,98,6,86,
5,99,6,87,
5,100,6,88,
5,101,6,89,
5,102,6,90,
5,103,6,91,
5,104,6,92,
5,105,6,93,
5,106,6,94,
5,107,6,95,
5,108,6,96,
5,109,6,97,
5,110,6,98,
5,111,6,99,
5,112,6,100,
5,113,6,101,
5,114,6,102,
5,115,6,103,
5,116,6,104,
5,117,6,105,
5,118,6,106,
5,119,6,107,
5,120,6,108,
5,121,6,109,
5,122,6,110,
5,123,6,111,
5,124,6,112,
5,125,6,113,
5,126,6,114,
5,127,6,115,
5,128,6,116,
5,129,6,117,
5,130,6,118,
5,131,6,119,
5,132,6,120,
5,133,6,121,
5,134,6,122,
5,135,6,123,
5,136,6,124,
5,137,6,125,
5,138,6,126,
5,139,6,127,
5,140,6,128,
5,141,6,129,
5,142,6,130,
5,143,6,131,
5,144,6,132,
5,145,6,133,
5,146,6,134,
5,147,6,135,
5,148,6,136,
5,149,6,137,
5,150,6,138,
5,151,6,139,
5,152,6,140,
5,153,6,141,
5,154,6,142,
5,155,6,143,
5,156,6,144,
5,157,6,145,
5,158,6,146,
5,159,6,147,
5,160,6,148,
5,161,6,149,
5,162,6,150,
5,163,6,151,
5,164,6,152,
5,165,6,153,
5,166,6,154,
5,167,6,155,
5,168,6,156,
5,169,6,157,
5,170,6,158,
5,171,6,159,
5,172,6,160,
5,173,6,161,
5,174,6,162,
5,175,6,163,
5,176,6,164,
5,177,6,165,
5,178,6,166,
5,179,6,167,
5,180,6,168,
5,181,6,169,
5,182,6,170,
5,183,6,171,
5,184,6,172,
5,185,6,173,
5,186,6,174,
5,187,6,175,
5,188,6,176,
5,189,6,177,
5,190,6,178,
5,191,6,179,
5,192,6,180,
5,193,6,181,
5,194,6,182,
5,195,6,183,
5,196,6,184,
5,197,6,185,
5,198,6,186,
5,199,6,187,
5,200,6,188,
5,201,6,189,
5,202,
5,203,6,0,
5,204,6,1,
5,205,6,2,
5,206,6,3,
5,207,6,4,
5,208,6,5,
5,209,6,6,
5,210,6,7,
5,211,6,8,
5,212,6,9,
5,213,6,10,
5,214,6,11,
5,215,6,12,
5,216,6,13,
5,217,6,14,
5,218,6,15,
5,219,6,16,
5,220,6,17,
5,221,6,18,
5,222,6,19,
5,223,6,20,
5,224,6,21,
5,225,6,22,
5,226,6,23,
5,227,6,24,
5,228,6,25,
5,229,6,26,
5,230,6,27,
5,231,6,28,
5,232,6,29,
5,233,6,30,
5,234,6,31,
5,235,6,32,
5,236,6,33,
5,237,6,34,
5,238,6,35,
5,239,6,36,
5,240,6,37,
5,241,6,38,
5,242,6,39,
5,243,6,40,
5,244,6,41,
5,245,6,42,
5,246,6,43,
5,247,6,44,
5,248,6,45,
5,249,6,46,
5,250,6,47,
5,251,6,48,
5,252,6,49,
5,253,6,50,
5,254,6,51,
5,255,6,52,
5,256,6,53,
5,257,6,54,
5,258,6,55,
5,259,6,56,
5,260,6,57,
5,261,6,58,
5,262,6,59,
5,263,6,60,
5,264,6,61,
5,265,6,62,
5,266,6,63,
5,267,6,64,
5,268,6,65,
5,269,6,66,
5,270,6,67,
5,271,6,68,
5,272,6,69,
5,273,6,70,
5,274,6,71,
5,275,6,72,
5,276,6,73,
5,277,6,74,
5,278,6,75,
5,279,6,76,
5,280,6,77,
5,281,6,78,
6,79,
5,0,6,80,
6,81,
6,82,
6,83,
6,84,
6,85,
6,86,
6,87,
6,88,
6,89,
6,90,
6,91,
6,92,
6,93,
6,94,
6,95,
6,96,
6,97,
6,98,
6,99,
6,100,
6,101,
6,102,
6,103,
6,104,
6,105,
6,106,
6,107,
6,108,
6,109,
6,110,
6,111,
6,112,
6,113,
6,114,
6,115,
6,116,
6,117,
6,118,
6,119,
6,120,
6,121,
6,122,
6,123,
6,124,
6,125,
6,126,
6,127,
6,128,
6,129,
6,130,
6,131,
6,132,
6,133,
6,134,
6,135,
6,136,
6,137,
6,138,
6,139,
6,140,
6,141,
6,142,
6,143,
6,144,
6,145,
6,146,
6,147,
6,148,
6,149,
6,150,
6,151,
6,152,
6,153,
6,154,
6,155,
6,156,
6,157,
6,158,
6,159,
6,160,
6,161,
6,162,
6,163,
6,164,
6,165,
6,166,
6,167,
6,168,
6,169,
6,170,
6,171,
6,172,
6,173,
6,174,
6,175,
6,176,
6,177,
6,178,
6,179,
6,180,
6,181,
6,182,
6,183,
6,184,
6,185,
6,186,
6,187,
6,188,
6,189,
6,190,
6,191,
6,192,
6,193,
6,194,
6,195,
6,196,
6,197,
6,198,
6,199,
6,200,
6,201,
6,202,
6,203,
6,204,
6,205,
6,206,
6,207,
6,208,
6,209,
6,210,
6,211,
6,212,
6,213,
6,214,
6,215,
6,216,
6,217,
6,218,
6,219,
6,220,
6,221,
6,222,
6,223,
6,224,
6,225,
6,226,
6,227,
6,228,
6,229,
6,230,
6,231,
6,232,
6,233,
6,234,
6,235,
6,236,
6,237,
6,238,
6,239,
6,240,
6,241,
6,242,
6,243,
6,244,
6,245,
6,246,
6,247,
6,248,
6,249,
6,250,
6,251,
6,252,
6,253,
6,254,
6,255,
6,256,
6,257,
6,258,
6,259,
6,260,
6,261,
6,262,
6,263,
6,264,
6,265,
6,266,
6,267,
6,268,
6,269,
6,270,
6,271,
6,272,
6,273,






















































































































































































































































































































































































































































































































































