





























































































































































1,0,
1,1,
1,2,
1,3,
1,4,
1,5,
1,6,
1,7,
1,8,
1,9,
1,10,
1,11,
1,12,
1,13,
1,14,
1,15,
1,16,
1,17,
1,18,
1,19,
1,20,
1,21,
1,22,
1,23,
1,24,
1,25,
1,26,
1,27,
1,28,
1,29,
1,30,
1,31,
1,32,
1,33,
1,34,
1,35,
1,36,
1,37,
1,38,
1,39,
1,40,
1,41,
1,42,
1,43,
1,44,
1,45,
1,46,
1,47,
1,48,
1,49,
1,50,
1,51,
1,52,
1,53,
1,54,
1,55,
1,56,
1,57,
1,58,
1,59,
1,60,
1,61,
1,62,
1,63,
1,64,
1,65,
1,66,
1,67,
1,68,
1,69,
1,70,
1,71,
1,72,
1,73,
1,74,
1,75,
1,76,
1,77,
1,78,
1,79,
1,80,
1,81,
1,82,
1,83,
1,84,
1,85,
1,86,
1,87,
1,88,
1,89,
1,90,
1,91,
1,92,
1,93,
1,94,
1,95,
1,96,
1,97,
1,98,
1,99,
1,100,
1,101,
1,102,
1,103,
1,104,
1,105,
1,106,
1,107,
1,108,
1,109,
1,110,
1,111,
1,112,
1,113,
1,114,
1,115,
1,116,
1,117,
1,118,
1,119,
1,120,
1,121,
1,122,
1,123,
1,124,
1,125,
1,126,
1,127,
1,128,
1,129,
1,130,
1,131,
1,132,
1,133,
1,134,
1,135,
1,136,
1,137,
1,138,
1,139,
1,140,
1,141,
1,142,
1,143,
1,144,
1,145,
1,146,
1,147,
1,148,
1,149,
1,150,
1,151,
1,152,
1,153,
1,154,
1,155,
1,156,
1,157,
1,158,
1,159,
1,160,
1,161,
1,162,
1,163,
1,164,
1,165,
1,166,
1,167,
1,168,
1,169,
1,170,
1,171,
1,172,
1,173,
1,174,
1,175,
1,176,
1,177,
1,178,
1,179,
1,180,
1,181,
1,182,
1,183,
1,184,
1,185,
1,186,
1,187,
1,188,
1,189,
1,190,
1,191,
1,192,
1,193,
1,194,
1,195,
1,196,
1,197,
1,198,
1,199,
1,200,
1,201,
1,202,
1,203,
1,204,
1,205,
1,206,
1,207,
1,208,
1,209,
1,210,
1,211,
1,212,
1,213,
1,214,
1,215,
1,216,
1,217,
1,218,
1,219,
1,220,
1,221,
1,222,
1,223,
1,224,
1,225,
1,226,
1,227,
1,228,
1,229,
1,230,
1,231,
1,232,
1,233,
1,234,
1,235,
1,236,
1,237,
1,238,
1,239,
1,240,
1,241,
1,242,
1,243,
1,244,
1,245,
1,246,
1,247,
1,248,
1,249,2,0,
1,250,2,1,
1,251,2,2,
1,252,2,3,
1,253,2,4,
1,254,2,5,
1,255,2,6,
1,256,2,7,
1,257,2,8,
1,258,2,9,
1,259,2,10,
1,260,2,11,
1,261,2,12,
1,262,2,13,
1,263,2,14,
1,264,2,15,
1,265,2,16,
1,266,2,17,
1,267,2,18,
1,268,2,19,
1,269,2,20,
1,270,2,21,
1,271,2,22,
1,272,2,23,
1,273,2,24,
1,274,2,25,
1,275,2,26,
1,276,2,27,
1,277,2,28,
1,278,2,29,
1,279,2,30,
1,280,2,31,
1,281,2,32,
1,282,2,33,
1,283,2,34,
1,284,2,35,
1,285,2,36,
1,286,2,37,
1,287,2,38,
1,288,2,39,
1,289,2,40,
1,290,2,41,
1,291,2,42,
1,292,2,43,
1,293,2,44,
1,294,2,45,
1,295,2,46,
1,296,2,47,
1,297,2,48,
1,298,2,49,
1,299,2,50,
1,300,2,51,
1,301,2,52,
1,302,2,53,
1,303,2,54,
1,304,2,55,
1,305,2,56,
1,306,2,57,
1,307,2,58,
1,308,2,59,
1,309,2,60,
1,310,2,61,
1,311,2,62,
1,312,2,63,
1,313,2,64,
1,314,2,65,
1,315,2,66,
1,316,2,67,
1,317,2,68,
1,318,2,69,
1,319,2,70,
1,320,2,71,
1,321,2,72,
1,322,2,73,
1,323,2,74,
1,324,2,75,
1,325,2,76,
1,326,2,77,
1,327,2,78,
1,328,2,79,
1,329,2,80,
1,330,2,81,
1,331,2,82,
1,332,2,83,
1,333,2,84,
1,334,2,85,
1,335,2,86,
1,336,2,87,
1,337,2,88,
1,338,2,89,
1,339,2,90,
1,340,2,91,
1,341,2,92,
1,342,2,93,
1,343,2,94,
1,344,2,95,
1,345,2,96,
1,346,2,97,
1,347,2,98,
1,348,2,99,
1,349,2,100,
1,350,2,101,
1,351,2,102,
1,352,2,103,
1,353,2,104,
1,354,2,105,
1,355,2,106,
1,356,2,107,
1,357,2,108,
1,358,2,109,
1,359,2,110,
1,360,2,111,
1,361,2,112,
1,362,2,113,
1,363,2,114,
1,364,2,115,
1,365,2,116,
1,366,2,117,
1,367,2,118,
1,368,2,119,
1,369,2,120,
1,370,2,121,
1,371,2,122,
1,372,2,123,
1,373,2,124,
1,374,2,125,
1,375,2,126,
1,376,2,127,
1,377,2,128,
1,378,2,129,
1,379,2,130,
1,380,2,131,
2,132,
2,133,
2,134,
2,135,
2,136,
2,137,
2,138,
2,139,
2,140,
2,141,
2,142,
2,143,
2,144,
2,145,
2,146,
2,147,
2,148,
2,149,
2,150,
2,151,
2,152,
2,153,
2,154,
2,155,
2,156,
2,157,
2,158,
2,159,
2,160,
2,161,
2,162,
2,163,
2,164,
2,165,
2,166,
2,167,
2,168,
2,169,
2,170,
2,171,
2,172,
2,173,
2,174,
2,175,
2,176,
2,177,
2,178,
2,179,
2,180,
2,181,
2,182,
2,183,
2,184,
2,185,
2,186,
2,187,
2,188,
2,189,
2,190,
2,191,
2,192,
2,193,
2,194,
2,195,
2,196,
2,197,
2,198,
2,199,
2,200,
2,201,
2,202,
2,203,
2,204,
2,205,
2,206,
2,207,
2,208,
2,209,
2,210,
2,211,
2,212,
2,213,
2,214,
2,215,
2,216,
2,217,
2,218,
2,219,
2,220,
2,221,
2,222,
2,223,
2,224,
2,225,
2,226,
2,227,
2,228,
2,229,
2,230,
2,231,
2,232,3,0,
2,233,3,1,
2,234,
2,235,
2,236,
2,237,
2,238,
2,239,
2,240,
2,241,3,0,
2,242,3,1,
2,243,3,2,
2,244,3,3,
2,245,3,4,
2,246,3,5,
2,247,3,6,
2,248,3,7,
2,249,3,8,
2,250,3,9,
2,251,3,10,
2,252,3,11,
2,253,3,12,
2,254,3,13,
2,255,3,14,
2,256,3,15,
2,257,3,16,
2,258,3,17,
2,259,3,18,
2,260,3,19,
2,261,3,20,
2,262,3,21,
2,263,3,22,
2,264,3,23,
2,265,3,24,
2,266,3,25,
2,267,3,26,
2,268,3,27,
2,269,3,28,
2,270,3,29,
2,271,3,30,
2,272,3,31,
2,273,3,32,
2,274,3,33,
2,275,3,34,
2,276,3,35,
2,277,3,36,
2,278,3,37,
2,279,3,38,
2,280,3,39,
2,281,3,40,
2,282,3,41,
2,283,3,42,
2,284,3,43,
2,285,3,44,
2,286,3,45,
2,287,3,46,
2,288,3,47,
2,289,3,48,
2,290,3,49,
2,291,3,50,
2,292,3,51,
2,293,3,52,
2,294,3,53,
2,295,3,54,
2,296,3,55,
2,297,3,56,
2,298,3,57,
2,299,3,58,
2,300,3,59,
2,301,3,60,
2,302,3,61,
2,303,3,62,
2,304,3,63,
2,305,3,64,
2,306,3,65,
2,307,3,66,
2,308,3,67,
2,309,3,68,
2,310,3,69,
2,311,3,70,
2,312,3,71,
2,313,3,72,
2,314,3,73,
2,315,3,74,
2,316,3,75,
2,317,3,76,
2,318,3,77,
2,319,3,78,
2,320,3,79,
2,321,3,80,
2,322,3,81,
2,323,3,82,
2,324,3,83,
2,325,3,84,
2,326,3,85,
2,327,3,86,
2,328,3,87,
2,329,3,88,
2,330,3,89,
2,331,3,90,
2,332,3,91,
2,333,3,92,
2,334,3,93,
2,335,3,94,
2,336,3,95,
2,337,3,96,
2,338,3,97,
2,339,3,98,
2,340,3,99,
2,341,3,100,
2,342,3,101,
2,343,3,102,
2,344,3,103,
2,345,3,104,
2,346,3,105,
2,347,3,106,
2,348,3,107,
2,349,3,108,
2,350,3,109,
2,351,3,110,
2,352,3,111,
2,353,3,112,
2,354,3,113,
2,355,3,114,
2,356,3,115,
2,357,3,116,
2,358,3,117,
2,359,3,118,
2,360,3,119,
2,361,3,120,
2,362,3,121,
2,363,3,122,
2,364,3,123,
2,365,3,124,
2,366,3,125,
2,367,3,126,
2,368,3,127,
2,369,3,128,
2,370,3,129,
2,371,3,130,
2,372,3,131,
2,373,3,132,
2,374,3,133,
2,375,3,134,
2,376,3,135,
2,377,3,136,
2,378,3,137,
2,379,3,138,
2,380,3,139,
2,381,3,140,
2,382,3,141,
2,383,3,142,
2,384,3,143,
2,385,3,144,
2,386,3,145,
2,387,3,146,
2,388,3,147,
2,389,3,148,
2,390,3,149,
2,391,3,150,
2,392,3,151,
2,393,3,152,
2,394,3,153,
2,395,3,154,
2,396,3,155,
2,397,3,156,
2,398,3,157,
2,399,3,158,
2,400,3,159,
2,401,3,160,
2,402,3,161,
2,403,3,162,
2,404,3,163,
2,405,3,164,
2,406,3,165,
2,407,3,166,
2,408,3,167,
2,409,3,168,
2,410,3,169,
2,411,3,170,
2,412,3,171,
2,413,3,172,
2,414,3,173,
2,415,3,174,
2,416,3,175,
2,417,3,176,
2,418,3,177,
2,419,3,178,
2,420,3,179,
2,421,3,180,
2,422,3,181,
2,423,3,182,
2,424,3,183,
2,425,3,184,
2,426,3,185,
2,427,3,186,
2,428,3,187,
2,429,3,188,
2,430,3,189,
2,431,3,190,
2,432,3,191,
2,433,3,192,
2,434,3,193,
2,435,3,194,
2,436,3,195,
2,437,3,196,
2,438,3,197,
2,439,3,198,
2,440,3,199,
2,441,3,200,
2,442,3,201,4,0,
2,443,3,202,4,1,
2,444,3,203,4,2,
2,445,3,204,4,3,
2,446,3,205,4,4,
2,447,3,206,4,5,
2,448,3,207,4,6,
2,449,3,208,4,7,
2,450,3,209,4,8,
2,451,3,210,4,9,
2,452,3,211,4,10,
2,453,3,212,4,11,
2,454,3,213,4,12,
2,455,3,214,4,13,
2,456,3,215,4,14,
2,457,3,216,4,15,
2,458,3,217,4,16,
2,459,3,218,4,17,
2,460,3,219,4,18,
2,461,3,220,4,19,
2,462,3,221,4,20,
2,463,3,222,4,21,
2,464,3,223,4,22,
2,465,3,224,4,23,
2,466,3,225,4,24,
2,467,3,226,4,25,
2,468,3,227,4,26,
2,469,3,228,4,27,
2,470,3,229,4,28,
2,471,3,230,4,29,
2,472,3,231,4,30,
2,473,3,232,4,31,
2,474,3,233,4,32,
2,475,3,234,4,33,
2,476,3,235,4,34,
2,477,3,236,4,35,
2,478,3,237,4,36,
2,479,3,238,4,37,
2,480,3,239,4,38,
2,481,3,240,4,39,
2,482,3,241,4,40,
2,483,3,242,4,41,
2,484,3,243,4,42,
2,485,3,244,4,43,
2,486,3,245,4,44,
2,487,3,246,4,45,
2,488,3,247,4,46,
2,489,3,248,4,47,
2,490,3,249,4,48,
2,491,3,250,4,49,
2,492,3,251,4,50,
2,493,3,252,4,51,
2,494,3,253,4,52,
2,495,3,254,4,53,
2,496,3,255,4,54,
2,497,3,256,4,55,
2,498,3,257,4,56,
2,499,3,258,4,57,
2,500,3,259,4,58,
2,501,3,260,4,59,
2,502,3,261,4,60,
2,503,3,262,4,61,
2,504,3,263,4,62,
2,505,3,264,4,63,
2,506,3,265,4,64,
2,507,3,266,4,65,
2,508,3,267,4,66,
2,509,3,268,4,67,
2,510,3,269,4,68,
2,511,3,270,4,69,
2,512,3,271,4,70,
2,513,3,272,4,71,
2,514,3,273,4,72,
2,515,3,274,4,73,
2,516,3,275,4,74,
2,517,3,276,4,75,
2,518,3,277,4,76,
2,519,3,278,4,77,
2,520,3,279,4,78,
2,521,3,280,4,79,
2,522,3,281,4,80,
2,523,3,282,4,81,
2,524,3,283,4,82,
2,525,3,284,4,83,
2,526,3,285,4,84,
2,527,3,286,4,85,
2,528,3,287,4,86,
2,529,3,288,4,87,
2,530,3,289,4,88,
2,531,3,290,4,89,
2,532,3,291,4,90,
2,533,3,292,4,91,
2,534,3,293,4,92,
2,535,3,294,4,93,
2,536,3,295,4,94,
2,537,3,296,
3,297,
3,298,
3,299,
3,300,
3,301,
3,302,
3,303,4,0,
3,304,4,1,
3,305,4,2,
3,306,4,3,
3,307,4,4,
3,308,4,5,
3,309,4,6,
3,310,4,7,
3,311,4,8,
3,312,4,9,
3,313,
3,314,
3,315,
3,316,
3,317,4,0,
3,318,4,1,
3,319,4,2,
3,320,4,3,
3,321,4,4,
3,322,4,5,
3,323,4,6,
3,324,4,7,
3,325,4,8,
3,326,4,9,
3,327,4,10,
3,328,4,11,
3,329,4,12,
3,330,4,13,
3,331,4,14,
3,332,4,15,
3,333,4,16,
3,334,4,17,
3,335,4,18,
3,336,
3,337,4,0,
3,338,4,1,
3,339,4,2,
3,340,4,3,
3,341,4,4,
3,342,4,5,
3,343,4,6,
3,344,4,7,
3,345,4,8,
3,346,4,9,
3,347,4,10,
3,348,4,11,
3,349,4,12,
3,350,4,13,
3,351,4,14,
3,352,4,15,
3,353,4,16,
3,354,4,17,
3,355,4,18,
3,356,4,19,
3,357,4,20,
3,358,4,21,
3,359,4,22,
3,360,4,23,
3,361,4,24,
3,362,4,25,
3,363,4,26,
3,364,4,27,
3,365,4,28,
3,366,4,29,
3,367,4,30,
3,368,4,31,
3,369,4,32,
3,370,4,33,
3,371,4,34,
3,372,4,35,
3,373,4,36,
3,374,4,37,
3,375,4,38,
3,376,4,39,
3,377,4,40,
3,378,4,41,
3,379,4,42,
3,380,4,43,
3,381,4,44,
3,382,4,45,
3,383,4,46,
3,384,4,47,
3,385,4,48,
3,386,4,49,
3,387,4,50,
3,388,4,51,
3,389,4,52,
3,390,4,53,
3,391,4,54,
3,392,4,55,
3,393,4,56,
3,394,4,57,
3,395,4,58,
3,396,4,59,
3,397,4,60,
3,398,4,61,
3,399,4,62,
3,400,4,63,
3,401,4,64,
3,402,4,65,
3,403,4,66,
3,404,4,67,
3,405,4,68,
3,406,4,69,
3,407,4,70,
3,408,4,71,
3,409,4,72,
3,410,4,73,
3,411,4,74,
3,412,4,75,
3,413,4,76,
3,414,4,77,
3,415,4,78,
3,416,4,79,
3,417,4,80,
3,418,4,81,
3,419,4,82,
3,420,4,83,
3,421,4,84,
3,422,4,85,
3,423,4,86,
3,424,4,87,
3,425,4,88,
3,426,4,89,
3,427,4,90,
3,428,4,91,
3,429,4,92,
3,430,4,93,
3,431,4,94,
3,432,4,95,
3,433,4,96,
3,434,4,97,
3,435,4,98,
3,436,4,99,
3,437,4,100,
3,438,4,101,
3,439,4,102,
3,440,4,103,
3,441,4,104,
3,442,4,105,
3,443,4,106,
3,444,4,107,
3,445,4,108,
3,446,4,109,
3,447,4,110,
3,448,4,111,
3,449,4,112,
3,450,4,113,
3,451,4,114,
3,452,4,115,
3,453,4,116,
3,454,4,117,
3,455,4,118,
3,456,4,119,
3,457,4,120,
3,458,4,121,
3,459,4,122,
3,460,4,123,
3,461,4,124,
3,462,4,125,
3,463,4,126,
3,464,4,127,
3,465,4,128,
3,466,4,129,
3,467,4,130,
3,468,4,131,
3,469,4,132,
3,470,4,133,
3,471,4,134,
3,472,4,135,
3,473,4,136,
3,474,4,137,
3,475,4,138,
3,476,4,139,
3,477,4,140,
3,478,4,141,
3,479,4,142,
3,480,4,143,
3,481,4,144,
3,482,4,145,
3,483,4,146,
3,484,4,147,
3,485,4,148,
3,486,4,149,
3,487,4,150,
3,488,4,151,
3,489,4,152,
3,490,4,153,
3,491,4,154,
3,492,4,155,
3,493,4,156,
3,494,4,157,
3,495,4,158,
3,496,4,159,
3,497,4,160,
3,498,
3,499,4,0,
3,500,4,1,
3,501,4,2,
3,502,4,3,
3,503,4,4,
3,504,4,5,
3,505,4,6,
3,506,4,7,
3,507,4,8,
3,508,4,9,
3,509,4,10,
3,510,4,11,
3,511,4,12,
4,13,
4,14,
4,15,
4,16,
4,17,
4,18,
4,19,
4,20,
4,21,
4,22,
4,23,
4,24,
4,25,
4,26,
4,27,
4,28,
4,29,
4,30,
4,31,
4,32,
4,33,
4,34,
4,35,
4,36,
4,37,
4,38,
4,39,
4,40,
4,41,
4,42,
4,43,
4,44,
4,45,
4,46,
4,47,
4,48,
4,49,
4,50,
4,51,
4,52,
4,53,
4,54,
4,55,
4,56,
4,57,
4,58,
4,59,
4,60,
4,61,
4,62,
4,63,
4,64,
4,65,
4,66,
4,67,
4,68,
4,69,
4,70,
4,71,
4,72,
4,73,
4,74,
4,75,5,0,
4,76,5,1,
4,77,5,2,
4,78,5,3,
4,79,5,4,
4,80,5,5,
4,81,5,6,
4,82,5,7,
4,83,5,8,
4,84,5,9,
4,85,5,10,
4,86,5,11,
4,87,5,12,
4,88,5,13,
4,89,5,14,
4,90,5,15,
4,91,5,16,
4,92,5,17,
4,93,5,18,
4,94,5,19,
4,95,5,20,
4,96,5,21,
4,97,5,22,
4,98,5,23,
4,99,5,24,
4,100,5,25,
4,101,5,26,
4,102,5,27,
4,103,5,28,
4,104,5,29,
4,105,5,30,
4,106,5,31,
4,107,5,32,
4,108,5,33,
4,109,5,34,
4,110,5,35,
4,111,5,36,
4,112,5,37,
4,113,5,38,
4,114,5,39,
4,115,5,40,
4,116,5,41,
4,117,5,42,
4,118,5,43,
4,119,5,44,
4,120,5,45,
4,121,5,46,
4,122,5,47,
4,123,5,48,
4,124,5,49,
4,125,5,50,
4,126,5,51,
4,127,5,52,
4,128,5,53,
4,129,5,54,
4,130,5,55,
4,131,5,56,
4,132,5,57,
4,133,5,58,
4,134,5,59,
4,135,5,60,
4,136,5,61,
4,137,5,62,
4,138,5,63,
4,139,5,64,
4,140,5,65,
4,141,5,66,
4,142,5,67,
4,143,5,68,
4,144,5,69,
4,145,5,70,
4,146,5,71,
4,147,5,72,
4,148,5,73,
4,149,5,74,
4,150,5,75,
4,151,5,76,
4,152,5,77,
4,153,5,78,
4,154,5,79,
4,155,5,80,
4,156,5,81,
4,157,5,82,
4,158,5,83,
4,159,5,84,
4,160,5,85,
4,161,5,86,
4,162,5,87,
4,163,5,88,
4,164,5,89,
4,165,5,90,
4,166,5,91,
4,167,5,92,
4,168,5,93,
4,169,5,94,
4,170,5,95,
4,171,5,96,
4,172,5,97,
4,173,5,98,
4,174,5,99,
4,175,5,100,
4,176,5,101,
4,177,5,102,
4,178,5,103,
4,179,5,104,
4,180,5,105,
4,181,5,106,
4,182,5,107,
4,183,5,108,
4,184,5,109,
4,185,5,110,
4,186,5,111,
4,187,5,112,
4,188,5,113,
4,189,5,114,
4,190,5,115,
4,191,5,116,
4,192,5,117,
4,193,5,118,
4,194,5,119,
4,195,5,120,
4,196,5,121,
4,197,5,122,
4,198,5,123,
4,199,5,124,
4,200,5,125,
4,201,5,126,
4,202,5,127,
4,203,5,128,
4,204,5,129,
4,205,5,130,
4,206,5,131,
4,207,5,132,
4,208,5,133,
4,209,5,134,
4,210,5,135,
4,211,5,136,
4,212,5,137,
4,213,5,138,
4,214,5,139,
4,215,5,140,
4,216,5,141,
4,217,5,142,
4,218,5,143,
4,219,5,144,
4,220,5,145,
4,221,5,146,
4,222,5,147,
4,223,5,148,
4,224,5,149,
4,225,5,150,
4,226,5,151,
4,227,5,152,
4,228,5,153,
4,229,5,154,
4,230,5,155,
4,231,5,156,
4,232,5,157,
4,233,5,158,
4,234,5,159,
4,235,5,160,
4,236,5,161,
4,237,5,162,
4,238,5,163,
4,239,5,164,
4,240,5,165,
4,241,5,166,
4,242,5,167,
4,243,5,168,
4,244,5,169,
4,245,5,170,
4,246,5,171,
4,247,5,172,
4,248,5,173,
4,249,5,174,
4,250,5,175,
4,251,5,176,
4,252,5,177,
4,253,5,178,
4,254,5,179,
4,255,5,180,
4,256,5,181,
4,257,5,182,
4,258,5,183,
4,259,5,184,
4,260,5,185,
4,261,5,186,
4,262,5,187,
4,263,5,188,
4,264,5,189,
4,265,5,190,
4,266,5,191,
4,267,5,192,
4,268,5,193,
4,269,5,194,
4,270,5,195,
4,271,5,196,
4,272,5,197,
4,273,5,198,6,0,
4,274,5,199,6,1,
4,275,5,200,6,2,
4,276,5,201,6,3,
4,277,5,202,6,4,
4,278,5,203,6,5,
4,279,5,204,6,6,
4,280,5,205,6,7,
4,281,5,206,6,8,
4,282,5,207,6,9,
4,283,5,208,6,10,
4,284,5,209,6,11,
4,285,5,210,6,12,
4,286,5,211,6,13,
4,287,5,212,6,14,
4,288,5,213,6,15,
4,289,5,214,6,16,
4,290,5,215,6,17,
4,291,5,216,6,18,
4,292,5,217,6,19,
4,293,5,218,6,20,
4,294,5,219,6,21,
4,295,5,220,6,22,
4,296,5,221,6,23,
4,297,5,222,6,24,
4,298,5,223,6,25,
4,299,5,224,6,26,
4,300,5,225,6,27,
4,301,5,226,6,28,
4,302,5,227,6,29,
4,303,5,228,6,30,
4,304,5,229,6,31,
4,305,5,230,6,32,
4,306,5,231,6,33,
4,307,5,232,6,34,
4,308,5,233,6,35,
4,309,5,234,6,36,
4,310,5,235,6,37,
4,311,5,236,6,38,
4,312,5,237,6,39,
4,313,5,238,6,40,
4,314,5,239,6,41,
4,315,5,240,6,42,
4,316,5,241,6,43,
4,317,5,242,6,44,
4,318,5,243,6,45,
4,319,5,244,6,46,
4,320,5,245,6,47,
4,321,5,246,6,48,
4,322,5,247,6,49,
4,323,5,248,6,50,
4,324,5,249,6,51,
4,325,5,250,6,52,
4,326,5,251,6,53,
4,327,5,252,6,54,
4,328,5,253,6,55,
4,329,5,254,6,56,
4,330,5,255,6,57,
4,331,5,256,6,58,
4,332,5,257,6,59,
4,333,5,258,6,60,
4,334,5,259,6,61,
5,260,6,62,
5,261,6,63,
5,262,6,64,
5,263,6,65,
5,264,6,66,
5,265,6,67,
5,266,6,68,
5,267,6,69,
5,268,6,70,
5,269,6,71,
5,270,6,72,
5,271,6,73,
5,272,6,74,
5,273,6,75,
5,274,6,76,
5,275,6,77,
5,276,6,78,
5,277,6,79,
5,278,6,80,
5,279,6,81,
5,280,6,82,
5,281,6,83,
5,282,6,84,
5,283,6,85,
5,284,6,86,
5,285,6,87,
5,286,6,88,
5,287,6,89,
5,288,6,90,
5,289,6,91,
5,290,6,92,
5,291,6,93,
5,292,6,94,
5,293,6,95,
5,294,6,96,
5,295,6,97,
5,296,6,98,
5,297,6,99,
5,298,6,100,
5,299,6,101,
5,300,6,102,
5,301,6,103,
5,302,6,104,
5,303,6,105,
5,304,6,106,
5,305,6,107,
5,306,6,108,
5,307,6,109,
5,308,6,110,
5,309,6,111,
5,310,6,112,
5,311,6,113,
5,312,6,114,
5,313,6,115,
5,314,6,116,
5,315,6,117,
5,316,6,118,
5,317,6,119,
5,318,6,120,
5,319,6,121,
5,320,6,122,
5,321,6,123,
5,322,6,124,
5,323,6,125,
5,324,6,126,
5,325,6,127,
5,326,6,128,
5,327,6,129,
5,328,6,130,
5,329,6,131,
5,330,6,132,
5,331,6,133,
5,332,6,134,
5,333,6,135,
5,334,6,136,
5,335,6,137,
5,336,6,138,
5,337,6,139,
5,338,6,140,
5,339,6,141,
5,340,6,142,
5,341,6,143,
5,342,6,144,
5,343,6,145,
5,344,6,146,
5,345,6,147,
5,346,6,148,
5,347,6,149,
5,348,6,150,
5,349,6,151,
5,350,6,152,
5,351,6,153,
5,352,6,154,
5,353,6,155,
5,354,6,156,
5,355,6,157,
5,356,6,158,
5,357,6,159,
5,358,6,160,
5,359,6,161,
5,360,6,162,
5,361,6,163,
5,362,6,164,
5,363,6,165,
5,364,6,166,
5,365,6,167,
5,366,6,168,
5,367,6,169,
5,368,6,170,
5,369,6,171,
5,370,6,172,
5,371,6,173,
5,372,6,174,
5,373,6,175,
5,374,6,176,
5,375,6,177,
5,376,6,178,
5,377,6,179,
5,378,6,180,
5,379,6,181,
5,380,6,182,
5,381,6,183,
5,382,6,184,
5,383,6,185,
5,384,6,186,
5,385,6,187,
5,386,6,188,
5,387,6,189,
5,388,6,190,
5,389,6,191,
5,390,6,192,
5,391,6,193,
5,392,6,194,
5,393,6,195,
5,394,6,196,
5,395,6,197,
5,396,6,198,
5,397,6,199,
5,398,6,200,
5,399,6,201,
5,400,6,202,
5,401,6,203,
5,402,6,204,
5,403,6,205,
5,404,6,206,
5,405,6,207,
5,406,6,208,
5,407,6,209,
5,408,6,210,
5,409,6,211,
5,410,6,212,
5,411,6,213,
5,412,6,214,
5,413,6,215,
5,414,6,216,
5,415,6,217,
5,416,6,218,
5,417,6,219,
5,418,6,220,
5,419,6,221,
5,420,6,222,
5,421,6,223,
5,422,6,224,
5,423,6,225,
5,424,6,226,
5,425,6,227,
5,426,6,228,
5,427,6,229,
5,428,6,230,
5,429,6,231,
5,430,6,232,
5,431,6,233,
5,432,6,234,
5,433,6,235,
5,434,6,236,
5,435,6,237,
5,436,6,238,
5,437,6,239,
5,438,6,240,
5,439,6,241,
5,440,6,242,
5,441,6,243,
5,442,6,244,
5,443,6,245,
5,444,6,246,
5,445,6,247,
5,446,6,248,
5,447,6,249,
5,448,6,250,
5,449,6,251,
5,450,6,252,
5,451,6,253,
5,452,6,254,
5,453,6,255,
5,454,6,256,
5,455,6,257,
5,456,6,258,
5,457,6,259,
5,458,6,260,
5,459,6,261,
5,460,6,262,
5,461,6,263,
5,462,6,264,
5,463,6,265,
5,464,6,266,
5,465,6,267,
5,466,6,268,
5,467,6,269,
5,468,6,270,
5,469,6,271,
5,470,6,272,
6,273,
6,274,
6,275,
6,276,
6,277,
6,278,
6,279,
6,280,
6,281,
6,282,
6,283,
6,284,
6,285,
6,286,
6,287,
6,288,
6,289,
6,290,
6,291,
6,292,
6,293,
6,294,
6,295,
6,296,
6,297,
6,298,
6,299,
6,300,
6,301,
6,302,
6,303,
6,304,
6,305,
6,306,
6,307,
6,308,
6,309,
6,310,
6,311,
6,312,
6,313,
6,314,
6,315,
6,316,
6,317,
6,318,
6,319,
6,320,
6,321,
6,322,
6,323,
6,324,
6,325,
6,326,
6,327,
6,328,
6,329,
6,330,
6,331,
6,332,
6,333,
6,334,
6,335,
6,336,
6,337,
6,338,
6,339,
6,340,
6,341,
6,342,
6,343,
6,344,
6,345,
6,346,
6,347,
6,348,
6,349,
6,350,
6,351,
6,352,
6,353,
6,354,
6,355,
6,356,
6,357,
6,358,
6,359,
6,360,
6,361,
6,362,
6,363,
6,364,
6,365,
6,366,
6,367,
6,368,
6,369,
6,370,
6,371,
6,372,
6,373,
6,374,
6,375,
6,376,
6,377,
6,378,
6,379,
6,380,
6,381,
6,382,
6,383,
6,384,
6,385,
6,386,
6,387,
6,388,
6,389,
6,390,
6,391,
6,392,
6,393,
6,394,
6,395,
6,396,
6,397,
6,398,
6,399,
6,400,
6,401,
6,402,
6,403,
6,404,
6,405,
6,406,
6,407,
6,408,
6,409,
6,410,
6,411,
6,412,
6,413,
6,414,
6,415,
6,416,
6,417,
6,418,
6,419,
6,420,
6,421,
6,422,
6,423,
6,424,
6,425,
6,426,
6,427,
6,428,
6,429,
6,430,
6,431,
6,432,
6,433,
6,434,
6,435,
6,436,
6,437,
6,438,
6,439,
6,440,
6,441,
6,442,
6,443,
6,444,
6,445,
6,446,
6,447,
6,448,
6,449,
6,450,
6,451,
6,452,
6,453,
6,454,
6,455,
6,456,
6,457,
6,458,
6,459,
6,460,
6,461,
6,462,
6,463,
6,464,
6,465,
6,466,
6,467,
6,468,
6,469,
6,470,
6,471,
6,472,
6,473,
6,474,
6,475,
6,476,
6,477,
6,478,
6,479,
6,480,
6,481,
6,482,
6,483,
6,484,
6,485,
6,486,
6,487,
6,488,
6,489,
6,490,
6,491,
6,492,
6,493,
6,494,
6,495,
6,496,
6,497,
6,498,
6,499,
6,500,
6,501,
6,502,
6,503,
6,504,
6,505,
6,506,
6,507,
6,508,
6,509,
6,510,
6,511,
6,512,
6,513,
6,514,













